LL0 = 1 
m = 1